0	3700	2800	3500	7400	7200	4100	6700	8300	3400	10300	10900	3900	7500	4700
3700	0	3700	5500	9400	9200	6100	8700	10300	1500	12300	9000	1500	2800	3000
2800	3700	0	6900	10800	16000	7500	10100	11700	3400	13700	10900	3900	7500	4900
3500	5500	6900	0	4500	4300	1200	5900	7500	5300	9500	12700	5700	9300	6700
7400	9400	10800	4500	0	3000	4300	9800	11400	9200	13400	16600	9600	13200	10600
7200	9200	16000	4300	3000	0	4200	9600	11200	9000	13200	16500	9500	13000	10500
4100	6100	7500	1200	4300	4200	0	4500	8100	5900	10100	13300	3600	9900	7400
6700	8700	10100	5900	9800	9600	4500	0	3800	8400	8200	15900	8900	12500	9900
8300	10300	11700	7500	11400	11200	8100	3800	0	10100	3500	17500	10500	14100	11500
3400	1500	3400	5300	9200	9000	5900	8400	10100	0	12000	8200	1200	4800	2200
10300	12300	13700	9500	13400	13200	10100	8200	3500	12000	0	19500	12500	16100	13500
10900	9000	10900	12700	16600	16500	13300	15900	17500	8200	19500	0	7400	7700	7800
3900	1500	3900	5700	9600	9500	3600	8900	10500	1200	12500	7400	0	3000	1400
7500	2800	7500	9300	13200	13000	9900	12500	14100	4800	16100	7700	3000	0	5800
4700	3000	4900	6700	10600	10500	7400	9900	11500	2200	13500	7800	1400	5800	0
