0
72
39
20
52
33
89
96
64
98
83
81
42
29
85
62
100
72
0
32
65
68
91
21
35
58
30
50
61
100
87
17
71
28
39
32
0
34
38
60
52
58
26
61
44
43
69
56
48
38
63
20
65
34
0
47
53
84
91
59
93
78
77
62
49
80
82
95
52
68
38
47
0
96
88
95
63
97
82
80
105
92
84
76
43
33
91
60
53
96
0
86
73
41
119
60
58
14
12
106
29
121
89
21
52
84
88
86
0
14
45
49
29
41
101
98
35
58
50
96
35
58
91
95
73
14
0
32
63
15
27
87
85
49
45
64
64
58
26
59
63
41
45
32
0
86
18
17
55
53
73
13
88
98
30
61
93
97
119
49
63
86
0
77
89
128
115
17
99
57
83
50
44
78
82
60
29
15
18
77
0
14
74
72
64
32
79
81
61
43
77
80
58
41
27
17
89
14
74
72
64
32
79
91
42
100
69
62
105
14
101
87
55
128
74
73
0
21
115
44
130
29
87
56
49
92
12
98
85
53
115
72 
70
21
0
102
41
117
85
17
48
80
84
106
35
49
73
17
64
76
115
102
0
86
44
62
71
38
82
76
29
58
45
13
99
32
30
44
41
86
0
101
100
28
63
95
43
121
50
64
88
57
79
91
130
117
44
101
0
